time	time	departures_all	arrivals_all	stuck_all	en-route_all	departures_bike	arrivals_bike	stuck_bike	en-route_bike	departures_car	arrivals_car	stuck_car	en-route_car	departures_walk	arrivals_walk	stuck_walk	en-route_walk
00:00:00	0	0	0	0	0	0	0	0	0	0	0	0	0	0	0	0	0
00:05:00	300	0	0	0	0	0	0	0	0	0	0	0	0	0	0	0	0
00:10:00	600	0	0	0	0	0	0	0	0	0	0	0	0	0	0	0	0
00:15:00	900	0	0	0	0	0	0	0	0	0	0	0	0	0	0	0	0
00:20:00	1200	0	0	0	0	0	0	0	0	0	0	0	0	0	0	0	0
00:25:00	1500	0	0	0	0	0	0	0	0	0	0	0	0	0	0	0	0
00:30:00	1800	0	0	0	0	0	0	0	0	0	0	0	0	0	0	0	0
00:35:00	2100	0	0	0	0	0	0	0	0	0	0	0	0	0	0	0	0
00:40:00	2400	0	0	0	0	0	0	0	0	0	0	0	0	0	0	0	0
00:45:00	2700	0	0	0	0	0	0	0	0	0	0	0	0	0	0	0	0
00:50:00	3000	0	0	0	0	0	0	0	0	0	0	0	0	0	0	0	0
00:55:00	3300	0	0	0	0	0	0	0	0	0	0	0	0	0	0	0	0
01:00:00	3600	0	0	0	0	0	0	0	0	0	0	0	0	0	0	0	0
01:05:00	3900	0	0	0	0	0	0	0	0	0	0	0	0	0	0	0	0
01:10:00	4200	0	0	0	0	0	0	0	0	0	0	0	0	0	0	0	0
01:15:00	4500	0	0	0	0	0	0	0	0	0	0	0	0	0	0	0	0
01:20:00	4800	0	0	0	0	0	0	0	0	0	0	0	0	0	0	0	0
01:25:00	5100	0	0	0	0	0	0	0	0	0	0	0	0	0	0	0	0
01:30:00	5400	0	0	0	0	0	0	0	0	0	0	0	0	0	0	0	0
01:35:00	5700	0	0	0	0	0	0	0	0	0	0	0	0	0	0	0	0
01:40:00	6000	0	0	0	0	0	0	0	0	0	0	0	0	0	0	0	0
01:45:00	6300	0	0	0	0	0	0	0	0	0	0	0	0	0	0	0	0
01:50:00	6600	0	0	0	0	0	0	0	0	0	0	0	0	0	0	0	0
01:55:00	6900	0	0	0	0	0	0	0	0	0	0	0	0	0	0	0	0
02:00:00	7200	0	0	0	0	0	0	0	0	0	0	0	0	0	0	0	0
02:05:00	7500	0	0	0	0	0	0	0	0	0	0	0	0	0	0	0	0
02:10:00	7800	0	0	0	0	0	0	0	0	0	0	0	0	0	0	0	0
02:15:00	8100	0	0	0	0	0	0	0	0	0	0	0	0	0	0	0	0
02:20:00	8400	0	0	0	0	0	0	0	0	0	0	0	0	0	0	0	0
02:25:00	8700	0	0	0	0	0	0	0	0	0	0	0	0	0	0	0	0
02:30:00	9000	0	0	0	0	0	0	0	0	0	0	0	0	0	0	0	0
02:35:00	9300	0	0	0	0	0	0	0	0	0	0	0	0	0	0	0	0
02:40:00	9600	0	0	0	0	0	0	0	0	0	0	0	0	0	0	0	0
02:45:00	9900	0	0	0	0	0	0	0	0	0	0	0	0	0	0	0	0
02:50:00	10200	0	0	0	0	0	0	0	0	0	0	0	0	0	0	0	0
02:55:00	10500	0	0	0	0	0	0	0	0	0	0	0	0	0	0	0	0
03:00:00	10800	0	0	0	0	0	0	0	0	0	0	0	0	0	0	0	0
03:05:00	11100	0	0	0	0	0	0	0	0	0	0	0	0	0	0	0	0
03:10:00	11400	0	0	0	0	0	0	0	0	0	0	0	0	0	0	0	0
03:15:00	11700	0	0	0	0	0	0	0	0	0	0	0	0	0	0	0	0
03:20:00	12000	0	0	0	0	0	0	0	0	0	0	0	0	0	0	0	0
03:25:00	12300	0	0	0	0	0	0	0	0	0	0	0	0	0	0	0	0
03:30:00	12600	0	0	0	0	0	0	0	0	0	0	0	0	0	0	0	0
03:35:00	12900	1	0	0	1	0	0	0	0	1	0	0	1	0	0	0	0
03:40:00	13200	0	0	0	1	0	0	0	0	0	0	0	1	0	0	0	0
03:45:00	13500	0	0	0	1	0	0	0	0	0	0	0	1	0	0	0	0
03:50:00	13800	0	0	0	1	0	0	0	0	0	0	0	1	0	0	0	0
03:55:00	14100	0	0	0	1	0	0	0	0	0	0	0	1	0	0	0	0
04:00:00	14400	0	0	0	1	0	0	0	0	0	0	0	1	0	0	0	0
04:05:00	14700	0	0	0	1	0	0	0	0	0	0	0	1	0	0	0	0
04:10:00	15000	0	0	0	1	0	0	0	0	0	0	0	1	0	0	0	0
04:15:00	15300	5	2	0	4	0	0	0	0	5	2	0	4	0	0	0	0
04:20:00	15600	3	2	0	5	0	0	0	0	3	2	0	5	0	0	0	0
04:25:00	15900	2	0	0	7	0	0	0	0	2	0	0	7	0	0	0	0
04:30:00	16200	7	4	0	10	0	0	0	0	6	3	0	10	1	1	0	0
04:35:00	16500	6	7	0	9	0	0	0	0	5	6	0	9	1	1	0	0
04:40:00	16800	6	3	0	12	0	0	0	0	6	3	0	12	0	0	0	0
04:45:00	17100	250	115	0	147	23	23	0	0	188	53	0	147	39	39	0	0
04:50:00	17400	16	25	0	138	2	2	0	0	12	21	0	138	2	2	0	0
04:55:00	17700	17	11	0	144	3	3	0	0	12	6	0	144	2	2	0	0
05:00:00	18000	11	15	0	140	0	0	0	0	10	14	0	140	1	1	0	0
05:05:00	18300	17	26	0	131	1	1	0	0	15	24	0	131	1	1	0	0
05:10:00	18600	15	37	0	109	1	1	0	0	10	32	0	109	4	4	0	0
05:15:00	18900	279	187	0	201	23	23	0	0	207	115	0	201	49	49	0	0
05:20:00	19200	38	70	0	169	2	2	0	0	29	61	0	169	7	7	0	0
05:25:00	19500	38	46	0	161	1	1	0	0	33	41	0	161	4	4	0	0
05:30:00	19800	32	35	0	158	7	7	0	0	22	25	0	158	3	3	0	0
05:35:00	20100	25	31	0	152	3	3	0	0	16	22	0	152	6	6	0	0
05:40:00	20400	36	45	0	143	1	1	0	0	28	37	0	143	7	7	0	0
05:45:00	20700	375	241	0	277	37	37	0	0	261	127	0	277	77	77	0	0
05:50:00	21000	55	83	0	249	4	4	0	0	33	61	0	249	18	18	0	0
05:55:00	21300	53	58	0	244	2	2	0	0	41	46	0	244	10	10	0	0
06:00:00	21600	33	34	0	243	4	4	0	0	22	23	0	243	7	7	0	0
06:05:00	21900	47	55	0	235	8	8	0	0	32	40	0	235	7	7	0	0
06:10:00	22200	62	76	0	221	5	5	0	0	41	55	0	221	16	16	0	0
06:15:00	22500	473	291	0	403	43	43	0	0	334	152	0	403	96	96	0	0
06:20:00	22800	81	143	0	341	6	6	0	0	53	115	0	341	22	22	0	0
06:25:00	23100	62	110	0	293	5	5	0	0	43	91	0	293	14	14	0	0
06:30:00	23400	56	62	0	287	7	7	0	0	37	43	0	287	12	12	0	0
06:35:00	23700	66	81	0	272	5	5	0	0	45	60	0	272	16	16	0	0
06:40:00	24000	58	79	0	251	5	5	0	0	37	58	0	251	16	16	0	0
06:45:00	24300	845	465	0	631	88	88	0	0	582	202	0	631	175	175	0	0
06:50:00	24600	92	192	0	531	9	9	0	0	64	164	0	531	19	19	0	0
06:55:00	24900	85	174	0	442	11	11	0	0	65	154	0	442	9	9	0	0
07:00:00	25200	70	82	0	430	4	4	0	0	60	72	0	430	6	6	0	0
07:05:00	25500	95	117	0	408	6	6	0	0	73	95	0	408	16	16	0	0
07:10:00	25800	104	120	0	392	11	11	0	0	64	80	0	392	29	29	0	0
07:15:00	26100	1316	619	0	1089	131	131	0	0	934	237	0	1089	251	251	0	0
07:20:00	26400	123	243	0	969	23	23	0	0	71	191	0	969	29	29	0	0
07:25:00	26700	154	286	0	837	18	18	0	0	109	241	0	837	27	27	0	0
07:30:00	27000	128	259	0	706	6	6	0	0	100	234	0	703	22	19	0	3
07:35:00	27300	130	233	0	603	13	13	0	0	102	202	0	603	15	18	0	0
07:40:00	27600	100	123	0	580	5	5	0	0	69	92	0	580	26	26	0	0
07:45:00	27900	1509	733	0	1356	158	158	0	0	1044	268	0	1356	307	307	0	0
07:50:00	28200	177	316	0	1217	27	27	0	0	119	258	0	1217	31	31	0	0
07:55:00	28500	158	311	0	1064	11	11	0	0	124	277	0	1064	23	23	0	0
08:00:00	28800	151	387	0	828	13	13	0	0	122	358	0	828	16	16	0	0
08:05:00	29100	143	248	0	723	8	8	0	0	116	221	0	723	19	19	0	0
08:10:00	29400	159	193	0	689	10	10	0	0	115	149	0	689	34	34	0	0
08:15:00	29700	907	632	0	964	99	99	0	0	614	339	0	964	194	194	0	0
08:20:00	30000	153	317	0	800	11	11	0	0	119	283	0	800	23	23	0	0
08:25:00	30300	135	268	0	667	11	11	0	0	107	240	0	667	17	17	0	0
08:30:00	30600	111	223	0	555	7	7	0	0	90	202	0	555	14	14	0	0
08:35:00	30900	98	157	0	496	4	4	0	0	77	136	0	496	17	17	0	0
08:40:00	31200	121	180	0	437	5	5	0	0	85	144	0	437	31	31	0	0
08:45:00	31500	631	539	0	529	76	76	0	0	403	311	0	529	152	152	0	0
08:50:00	31800	95	173	0	451	9	9	0	0	73	151	0	451	13	13	0	0
08:55:00	32100	75	154	0	372	8	8	0	0	49	128	0	372	18	18	0	0
09:00:00	32400	96	127	0	341	5	5	0	0	77	108	0	341	14	14	0	0
09:05:00	32700	64	108	0	297	2	2	0	0	49	93	0	297	13	13	0	0
09:10:00	33000	71	96	0	272	4	4	0	0	48	73	0	272	19	19	0	0
09:15:00	33300	393	356	0	309	29	29	0	0	254	217	0	309	110	110	0	0
09:20:00	33600	76	136	0	249	5	5	0	0	57	117	0	249	14	14	0	0
09:25:00	33900	72	92	0	229	7	7	0	0	50	70	0	229	15	15	0	0
09:30:00	34200	51	86	0	194	1	1	0	0	39	74	0	194	11	11	0	0
09:35:00	34500	44	63	0	175	3	3	0	0	32	51	0	175	9	9	0	0
09:40:00	34800	68	78	0	165	2	2	0	0	35	45	0	165	31	31	0	0
09:45:00	35100	295	250	0	210	26	26	0	0	199	154	0	210	70	70	0	0
09:50:00	35400	62	89	0	183	6	6	0	0	47	74	0	183	9	9	0	0
09:55:00	35700	51	73	0	161	8	8	0	0	30	52	0	161	13	13	0	0
10:00:00	36000	51	65	0	147	6	6	0	0	27	41	0	147	18	18	0	0
10:05:00	36300	57	57	0	147	3	3	0	0	46	46	0	147	8	8	0	0
10:10:00	36600	75	77	0	145	6	6	0	0	41	43	0	145	28	28	0	0
10:15:00	36900	329	280	0	194	39	39	0	0	210	161	0	194	80	80	0	0
10:20:00	37200	65	85	0	174	11	11	0	0	42	62	0	174	12	12	0	0
10:25:00	37500	72	75	0	171	7	7	0	0	42	45	0	171	23	23	0	0
10:30:00	37800	59	55	0	175	3	3	0	0	41	37	0	175	15	15	0	0
10:35:00	38100	68	69	0	174	12	12	0	0	40	41	0	174	16	16	0	0
10:40:00	38400	64	68	0	170	1	1	0	0	43	47	0	170	20	20	0	0
10:45:00	38700	342	299	0	213	39	39	0	0	233	190	0	213	70	70	0	0
10:50:00	39000	61	78	0	196	4	4	0	0	47	64	0	196	10	10	0	0
10:55:00	39300	79	83	0	192	7	7	0	0	56	60	0	192	16	16	0	0
11:00:00	39600	72	75	0	189	8	8	0	0	54	57	0	189	10	10	0	0
11:05:00	39900	80	87	0	182	5	5	0	0	57	64	0	182	18	18	0	0
11:10:00	40200	105	112	0	175	8	8	0	0	63	70	0	175	34	34	0	0
11:15:00	40500	342	301	0	216	32	32	0	0	207	166	0	216	103	103	0	0
11:20:00	40800	66	87	0	195	3	3	0	0	47	68	0	195	16	16	0	0
11:25:00	41100	89	97	0	187	9	9	0	0	60	68	0	187	20	20	0	0
11:30:00	41400	73	71	0	189	5	5	0	0	46	44	0	189	22	22	0	0
11:35:00	41700	87	91	0	185	7	7	0	0	57	61	0	185	23	23	0	0
11:40:00	42000	104	109	0	180	10	10	0	0	47	52	0	180	47	47	0	0
11:45:00	42300	358	306	0	232	28	28	0	0	235	183	0	232	95	95	0	0
11:50:00	42600	77	90	0	219	13	13	0	0	40	53	0	219	24	24	0	0
11:55:00	42900	74	80	0	213	11	11	0	0	50	56	0	213	13	13	0	0
12:00:00	43200	67	74	0	206	8	8	0	0	41	49	0	205	18	17	0	1
12:05:00	43500	75	96	0	185	11	11	0	0	45	65	0	185	19	20	0	0
12:10:00	43800	109	118	0	176	9	9	0	0	53	62	0	176	47	47	0	0
12:15:00	44100	407	346	0	237	41	41	0	0	254	193	0	237	112	112	0	0
12:20:00	44400	74	79	0	232	10	10	0	0	54	59	0	232	10	10	0	0
12:25:00	44700	66	63	0	235	3	3	0	0	47	44	0	235	16	16	0	0
12:30:00	45000	92	91	0	236	10	10	0	0	64	63	0	236	18	18	0	0
12:35:00	45300	90	88	0	238	14	14	0	0	61	59	0	238	15	15	0	0
12:40:00	45600	128	137	0	229	14	14	0	0	65	74	0	229	49	49	0	0
12:45:00	45900	346	297	0	278	30	30	0	0	241	192	0	278	75	75	0	0
12:50:00	46200	89	108	0	259	8	8	0	0	65	84	0	259	16	16	0	0
12:55:00	46500	100	111	0	248	7	7	0	0	72	83	0	248	21	21	0	0
13:00:00	46800	92	84	0	256	9	9	0	0	74	66	0	256	9	9	0	0
13:05:00	47100	97	101	0	252	15	15	0	0	54	58	0	252	28	28	0	0
13:10:00	47400	124	145	0	231	15	15	0	0	60	81	0	231	49	49	0	0
13:15:00	47700	322	279	0	274	31	31	0	0	219	176	0	274	72	72	0	0
13:20:00	48000	90	118	0	246	8	8	0	0	74	102	0	246	8	8	0	0
13:25:00	48300	87	114	0	219	6	6	0	0	68	95	0	219	13	13	0	0
13:30:00	48600	100	101	0	218	5	5	0	0	82	83	0	218	13	13	0	0
13:35:00	48900	83	88	0	213	9	9	0	0	60	65	0	213	14	14	0	0
13:40:00	49200	109	118	0	204	8	8	0	0	52	61	0	204	49	49	0	0
13:45:00	49500	354	304	0	254	31	31	0	0	232	182	0	254	91	91	0	0
13:50:00	49800	118	134	0	238	9	9	0	0	83	99	0	238	26	26	0	0
13:55:00	50100	89	91	0	236	9	9	0	0	67	69	0	236	13	13	0	0
14:00:00	50400	120	121	0	235	22	22	0	0	73	74	0	235	25	25	0	0
14:05:00	50700	113	119	0	229	13	13	0	0	75	81	0	229	25	25	0	0
14:10:00	51000	123	130	0	222	8	8	0	0	77	84	0	222	38	38	0	0
14:15:00	51300	637	538	0	321	74	74	0	0	443	344	0	321	120	120	0	0
14:20:00	51600	172	175	0	318	18	18	0	0	118	121	0	318	36	36	0	0
14:25:00	51900	134	144	0	308	15	15	0	0	98	108	0	308	21	21	0	0
14:30:00	52200	165	169	0	304	21	21	0	0	126	130	0	304	18	18	0	0
14:35:00	52500	147	156	0	295	10	10	0	0	107	116	0	295	30	30	0	0
14:40:00	52800	170	177	0	288	17	17	0	0	102	109	0	288	51	51	0	0
14:45:00	53100	795	688	0	395	78	78	0	0	540	433	0	395	177	177	0	0
14:50:00	53400	216	220	0	391	21	21	0	0	154	158	0	391	41	41	0	0
14:55:00	53700	190	195	0	386	23	23	0	0	125	130	0	386	42	42	0	0
15:00:00	54000	169	176	0	379	19	19	0	0	123	130	0	379	27	27	0	0
15:05:00	54300	195	193	0	381	26	26	0	0	141	139	0	381	28	28	0	0
15:10:00	54600	206	224	0	363	18	18	0	0	123	141	0	363	65	65	0	0
15:15:00	54900	966	842	0	487	106	106	0	0	650	526	0	487	210	210	0	0
15:20:00	55200	255	274	0	468	20	20	0	0	201	220	0	468	34	34	0	0
15:25:00	55500	165	180	0	453	11	11	0	0	133	148	0	453	21	21	0	0
15:30:00	55800	181	194	0	440	18	18	0	0	130	143	0	440	33	33	0	0
15:35:00	56100	151	165	0	426	14	14	0	0	110	124	0	426	27	27	0	0
15:40:00	56400	173	195	0	404	12	12	0	0	109	131	0	404	52	52	0	0
15:45:00	56700	900	821	0	483	79	79	0	0	596	517	0	483	225	225	0	0
15:50:00	57000	228	288	0	423	21	21	0	0	166	226	0	423	41	41	0	0
15:55:00	57300	156	162	0	417	17	17	0	0	124	130	0	417	15	15	0	0
16:00:00	57600	190	198	0	409	19	19	0	0	136	144	0	409	35	35	0	0
16:05:00	57900	150	159	0	400	17	17	0	0	112	121	0	400	21	21	0	0
16:10:00	58200	164	194	0	370	15	15	0	0	96	126	0	370	53	53	0	0
16:15:00	58500	822	717	0	475	78	78	0	0	584	479	0	475	160	160	0	0
16:20:00	58800	227	257	0	445	28	28	0	0	150	180	0	445	49	49	0	0
16:25:00	59100	169	178	0	436	13	13	0	0	134	143	0	436	22	22	0	0
16:30:00	59400	176	184	0	428	18	18	0	0	129	137	0	428	29	29	0	0
16:35:00	59700	127	165	0	390	12	12	0	0	86	124	0	390	29	29	0	0
16:40:00	60000	157	178	0	369	18	18	0	0	91	112	0	369	48	48	0	0
16:45:00	60300	908	776	0	501	98	98	0	0	620	488	0	501	190	190	0	0
16:50:00	60600	231	264	0	468	22	22	0	0	166	199	0	468	43	43	0	0
16:55:00	60900	156	162	0	462	10	10	0	0	122	128	0	462	24	24	0	0
17:00:00	61200	176	210	0	428	21	21	0	0	114	148	0	428	41	41	0	0
17:05:00	61500	175	200	0	403	17	17	0	0	137	162	0	403	21	21	0	0
17:10:00	61800	164	182	0	385	11	11	0	0	94	112	0	385	59	59	0	0
17:15:00	62100	977	858	0	504	93	93	0	0	666	547	0	504	218	218	0	0
17:20:00	62400	196	227	0	473	12	12	0	0	148	179	0	473	36	36	0	0
17:25:00	62700	157	194	0	436	15	15	0	0	109	146	0	436	33	33	0	0
17:30:00	63000	168	178	0	426	15	15	0	0	122	132	0	426	31	31	0	0
17:35:00	63300	164	191	0	399	10	10	0	0	119	146	0	399	35	35	0	0
17:40:00	63600	158	193	0	364	15	15	0	0	102	137	0	364	41	41	0	0
17:45:00	63900	805	750	0	419	68	68	0	0	538	483	0	419	199	199	0	0
17:50:00	64200	195	227	0	387	17	17	0	0	124	156	0	387	54	54	0	0
17:55:00	64500	140	178	0	349	10	10	0	0	107	145	0	349	23	23	0	0
18:00:00	64800	169	197	0	321	13	13	0	0	120	148	0	321	36	36	0	0
18:05:00	65100	130	154	0	297	8	8	0	0	93	117	0	297	29	29	0	0
18:10:00	65400	183	195	0	285	19	19	0	0	104	116	0	285	60	60	0	0
18:15:00	65700	817	732	0	370	82	82	0	0	491	406	0	370	244	244	0	0
18:20:00	66000	198	228	0	340	16	16	0	0	128	158	0	340	54	54	0	0
18:25:00	66300	189	190	0	339	19	19	0	0	117	118	0	339	53	53	0	0
18:30:00	66600	135	150	0	324	16	16	0	0	94	109	0	324	25	25	0	0
18:35:00	66900	165	186	0	303	18	18	0	0	98	119	0	303	49	49	0	0
18:40:00	67200	201	219	0	285	20	20	0	0	86	104	0	285	95	95	0	0
18:45:00	67500	809	745	0	349	80	80	0	0	435	371	0	349	294	294	0	0
18:50:00	67800	228	261	0	316	13	13	0	0	121	154	0	316	94	94	0	0
18:55:00	68100	171	190	0	297	16	16	0	0	98	117	0	297	57	57	0	0
19:00:00	68400	154	162	0	289	15	15	0	0	85	93	0	289	54	54	0	0
19:05:00	68700	173	180	0	282	15	15	0	0	101	108	0	282	57	57	0	0
19:10:00	69000	232	234	0	280	20	20	0	0	113	115	0	280	99	99	0	0
19:15:00	69300	602	577	0	305	61	61	0	0	323	298	0	305	218	218	0	0
19:20:00	69600	179	198	0	286	17	17	0	0	109	128	0	286	53	53	0	0
19:25:00	69900	190	218	0	258	19	19	0	0	129	157	0	258	42	42	0	0
19:30:00	70200	138	135	0	261	11	11	0	0	103	100	0	261	24	24	0	0
19:35:00	70500	180	201	0	240	10	10	0	0	92	113	0	240	78	78	0	0
19:40:00	70800	233	237	0	236	25	25	0	0	92	96	0	236	116	116	0	0
19:45:00	71100	406	362	0	280	35	35	0	0	264	220	0	280	107	107	0	0
19:50:00	71400	162	177	0	265	12	12	0	0	103	118	0	265	47	47	0	0
19:55:00	71700	139	150	0	254	16	16	0	0	93	104	0	254	30	30	0	0
20:00:00	72000	155	148	0	261	18	18	0	0	99	92	0	261	38	38	0	0
20:05:00	72300	151	168	0	244	12	12	0	0	95	112	0	244	44	44	0	0
20:10:00	72600	233	232	0	245	23	23	0	0	99	98	0	245	111	111	0	0
20:15:00	72900	387	372	0	260	34	34	0	0	225	210	0	260	128	128	0	0
20:20:00	73200	168	189	0	239	13	13	0	0	104	125	0	239	51	51	0	0
20:25:00	73500	140	156	0	223	12	12	0	0	94	110	0	223	34	34	0	0
20:30:00	73800	129	124	0	228	12	12	0	0	80	76	0	227	37	36	0	1
20:35:00	74100	152	152	0	228	19	19	0	0	94	93	0	228	39	40	0	0
20:40:00	74400	183	189	0	222	10	10	0	0	70	76	0	222	103	103	0	0
20:45:00	74700	301	298	0	225	37	37	0	0	185	182	0	225	79	79	0	0
20:50:00	75000	137	132	0	230	12	12	0	0	91	86	0	230	34	34	0	0
20:55:00	75300	137	140	0	227	4	4	0	0	98	101	0	227	35	35	0	0
21:00:00	75600	125	129	0	223	13	13	0	0	75	82	0	220	37	34	0	3
21:05:00	75900	142	158	0	207	15	15	0	0	80	93	0	207	47	50	0	0
21:10:00	76200	208	204	0	211	20	20	0	0	84	80	0	211	104	104	0	0
21:15:00	76500	309	307	0	213	22	22	0	0	177	175	0	213	110	110	0	0
21:20:00	76800	155	158	0	210	14	14	0	0	79	82	0	210	62	62	0	0
21:25:00	77100	144	144	0	210	14	14	0	0	81	81	0	210	49	49	0	0
21:30:00	77400	146	161	0	195	14	14	0	0	85	100	0	195	47	47	0	0
21:35:00	77700	161	164	0	192	16	16	0	0	92	95	0	192	53	53	0	0
21:40:00	78000	225	223	0	194	23	23	0	0	84	82	0	194	118	118	0	0
21:45:00	78300	273	249	0	218	21	21	0	0	177	153	0	218	75	75	0	0
21:50:00	78600	106	135	0	189	11	11	0	0	64	93	0	189	31	31	0	0
21:55:00	78900	99	111	0	177	5	5	0	0	72	84	0	177	22	22	0	0
22:00:00	79200	107	116	0	168	5	5	0	0	71	80	0	168	31	31	0	0
22:05:00	79500	113	117	0	164	6	6	0	0	86	90	0	164	21	21	0	0
22:10:00	79800	147	146	0	165	8	8	0	0	70	69	0	165	69	69	0	0
22:15:00	80100	215	221	0	159	22	22	0	0	148	154	0	159	45	45	0	0
22:20:00	80400	86	100	0	145	8	8	0	0	65	79	0	145	13	13	0	0
22:25:00	80700	94	93	0	146	9	9	0	0	60	59	0	146	25	25	0	0
22:30:00	81000	66	64	0	148	4	4	0	0	48	46	0	148	14	14	0	0
22:35:00	81300	85	94	0	139	5	5	0	0	51	60	0	139	29	29	0	0
22:40:00	81600	131	140	0	130	13	13	0	0	62	71	0	130	56	56	0	0
22:45:00	81900	155	159	0	126	17	17	0	0	101	105	0	126	37	37	0	0
22:50:00	82200	65	67	0	124	13	13	0	0	42	44	0	124	10	10	0	0
22:55:00	82500	63	73	0	114	7	7	0	0	53	63	0	114	3	3	0	0
23:00:00	82800	105	114	0	105	16	16	0	0	63	72	0	105	26	26	0	0
23:05:00	83100	79	79	0	105	8	8	0	0	46	46	0	105	25	25	0	0
23:10:00	83400	113	117	0	101	8	8	0	0	48	52	0	101	57	57	0	0
23:15:00	83700	128	124	0	105	17	17	0	0	82	78	0	105	29	29	0	0
23:20:00	84000	63	72	0	96	2	2	0	0	38	47	0	96	23	23	0	0
23:25:00	84300	77	68	0	105	5	5	0	0	40	31	0	105	32	32	0	0
23:30:00	84600	69	65	0	109	6	6	0	0	35	34	0	106	28	25	0	3
23:35:00	84900	80	101	0	88	3	3	0	0	50	68	0	88	27	30	0	0
23:40:00	85200	129	134	0	83	11	11	0	0	53	58	0	83	65	65	0	0
23:45:00	85500	114	120	0	77	11	11	0	0	61	67	0	77	42	42	0	0
23:50:00	85800	62	73	0	66	6	6	0	0	38	49	0	66	18	18	0	0
23:55:00	86100	49	53	0	62	5	5	0	0	29	33	0	62	15	15	0	0
24:00:00	86400	31	36	0	57	5	5	0	0	15	20	0	57	11	11	0	0
24:05:00	86700	75	83	0	49	6	6	0	0	39	47	0	49	30	30	0	0
24:10:00	87000	101	110	0	40	8	8	0	0	27	36	0	40	66	66	0	0
24:15:00	87300	36	39	0	37	4	4	0	0	20	23	0	37	12	12	0	0
24:20:00	87600	22	34	0	25	0	0	0	0	17	29	0	25	5	5	0	0
24:25:00	87900	15	20	0	20	0	0	0	0	9	14	0	20	6	6	0	0
24:30:00	88200	10	13	0	17	0	0	0	0	6	9	0	17	4	4	0	0
24:35:00	88500	5	10	0	12	0	0	0	0	5	10	0	12	0	0	0	0
24:40:00	88800	1	1	0	12	0	0	0	0	0	0	0	12	1	1	0	0
24:45:00	89100	2	3	0	11	0	0	0	0	2	3	0	11	0	0	0	0
24:50:00	89400	7	11	0	7	0	0	0	0	7	11	0	7	0	0	0	0
24:55:00	89700	4	8	0	3	0	0	0	0	4	8	0	3	0	0	0	0
25:00:00	90000	0	0	0	3	0	0	0	0	0	0	0	3	0	0	0	0
25:05:00	90300	1	2	0	2	0	0	0	0	1	2	0	2	0	0	0	0
25:10:00	90600	0	0	0	2	0	0	0	0	0	0	0	2	0	0	0	0
25:15:00	90900	2	2	0	2	0	0	0	0	2	2	0	2	0	0	0	0
25:20:00	91200	0	0	0	2	0	0	0	0	0	0	0	2	0	0	0	0
25:25:00	91500	0	0	0	2	0	0	0	0	0	0	0	2	0	0	0	0
25:30:00	91800	0	0	0	2	0	0	0	0	0	0	0	2	0	0	0	0
25:35:00	92100	0	0	0	2	0	0	0	0	0	0	0	2	0	0	0	0
25:40:00	92400	0	0	0	2	0	0	0	0	0	0	0	2	0	0	0	0
25:45:00	92700	0	0	0	2	0	0	0	0	0	0	0	2	0	0	0	0
25:50:00	93000	1	1	0	2	0	0	0	0	1	1	0	2	0	0	0	0
25:55:00	93300	0	0	0	2	0	0	0	0	0	0	0	2	0	0	0	0
26:00:00	93600	0	0	0	2	0	0	0	0	0	0	0	2	0	0	0	0
26:05:00	93900	0	0	0	2	0	0	0	0	0	0	0	2	0	0	0	0
26:10:00	94200	0	0	0	2	0	0	0	0	0	0	0	2	0	0	0	0
26:15:00	94500	0	0	0	2	0	0	0	0	0	0	0	2	0	0	0	0
26:20:00	94800	1	2	0	1	0	0	0	0	1	2	0	1	0	0	0	0
26:25:00	95100	0	0	0	1	0	0	0	0	0	0	0	1	0	0	0	0
26:30:00	95400	1	2	0	0	0	0	0	0	1	2	0	0	0	0	0	0
26:35:00	95700	0	0	0	0	0	0	0	0	0	0	0	0	0	0	0	0
26:40:00	96000	0	0	0	0	0	0	0	0	0	0	0	0	0	0	0	0
26:45:00	96300	0	0	0	0	0	0	0	0	0	0	0	0	0	0	0	0
26:50:00	96600	0	0	0	0	0	0	0	0	0	0	0	0	0	0	0	0
26:55:00	96900	0	0	0	0	0	0	0	0	0	0	0	0	0	0	0	0
27:00:00	97200	0	0	0	0	0	0	0	0	0	0	0	0	0	0	0	0
27:05:00	97500	0	0	0	0	0	0	0	0	0	0	0	0	0	0	0	0
27:10:00	97800	0	0	0	0	0	0	0	0	0	0	0	0	0	0	0	0
27:15:00	98100	0	0	0	0	0	0	0	0	0	0	0	0	0	0	0	0
27:20:00	98400	0	0	0	0	0	0	0	0	0	0	0	0	0	0	0	0
27:25:00	98700	0	0	0	0	0	0	0	0	0	0	0	0	0	0	0	0
27:30:00	99000	0	0	0	0	0	0	0	0	0	0	0	0	0	0	0	0
27:35:00	99300	0	0	0	0	0	0	0	0	0	0	0	0	0	0	0	0
27:40:00	99600	0	0	0	0	0	0	0	0	0	0	0	0	0	0	0	0
27:45:00	99900	0	0	0	0	0	0	0	0	0	0	0	0	0	0	0	0
27:50:00	100200	0	0	0	0	0	0	0	0	0	0	0	0	0	0	0	0
27:55:00	100500	0	0	0	0	0	0	0	0	0	0	0	0	0	0	0	0
28:00:00	100800	0	0	0	0	0	0	0	0	0	0	0	0	0	0	0	0
28:05:00	101100	0	0	0	0	0	0	0	0	0	0	0	0	0	0	0	0
28:10:00	101400	0	0	0	0	0	0	0	0	0	0	0	0	0	0	0	0
28:15:00	101700	0	0	0	0	0	0	0	0	0	0	0	0	0	0	0	0
28:20:00	102000	0	0	0	0	0	0	0	0	0	0	0	0	0	0	0	0
28:25:00	102300	0	0	0	0	0	0	0	0	0	0	0	0	0	0	0	0
28:30:00	102600	0	0	0	0	0	0	0	0	0	0	0	0	0	0	0	0
28:35:00	102900	0	0	0	0	0	0	0	0	0	0	0	0	0	0	0	0
28:40:00	103200	0	0	0	0	0	0	0	0	0	0	0	0	0	0	0	0
28:45:00	103500	0	0	0	0	0	0	0	0	0	0	0	0	0	0	0	0
28:50:00	103800	0	0	0	0	0	0	0	0	0	0	0	0	0	0	0	0
28:55:00	104100	0	0	0	0	0	0	0	0	0	0	0	0	0	0	0	0
29:00:00	104400	0	0	0	0	0	0	0	0	0	0	0	0	0	0	0	0
29:05:00	104700	0	0	0	0	0	0	0	0	0	0	0	0	0	0	0	0
29:10:00	105000	0	0	0	0	0	0	0	0	0	0	0	0	0	0	0	0
29:15:00	105300	0	0	0	0	0	0	0	0	0	0	0	0	0	0	0	0
29:20:00	105600	0	0	0	0	0	0	0	0	0	0	0	0	0	0	0	0
29:25:00	105900	0	0	0	0	0	0	0	0	0	0	0	0	0	0	0	0
29:30:00	106200	0	0	0	0	0	0	0	0	0	0	0	0	0	0	0	0
29:35:00	106500	0	0	0	0	0	0	0	0	0	0	0	0	0	0	0	0
29:40:00	106800	0	0	0	0	0	0	0	0	0	0	0	0	0	0	0	0
29:45:00	107100	0	0	0	0	0	0	0	0	0	0	0	0	0	0	0	0
29:50:00	107400	0	0	0	0	0	0	0	0	0	0	0	0	0	0	0	0
29:55:00	107700	0	0	0	0	0	0	0	0	0	0	0	0	0	0	0	0
30:00:00	108000	0	0	0	0	0	0	0	0	0	0	0	0	0	0	0	0
30:05:00	108300	0	0	0	0	0	0	0	0	0	0	0	0	0	0	0	0
